TC,AT,AG,CG,CC,AC,AA,GC,CA,TA,GG,TG,GT,GA,CT,TT
0.063636,0.067045,0.068182,0.042045,0.053409,0.040909,0.071591,0.052273,0.070455,0.055682,0.089773,0.082955,0.055682,0.064773,0.047727,0.073864
0.039773,0.053409,0.075000,0.044318,0.052273,0.059091,0.075000,0.056818,0.064773,0.057955,0.075000,0.076136,0.064773,0.086364,0.048864,0.070455
0.053409,0.081818,0.076136,0.021591,0.054545,0.045455,0.080682,0.052273,0.080682,0.047727,0.072727,0.067045,0.064773,0.080682,0.051136,0.069318
0.068182,0.065909,0.077273,0.037500,0.062500,0.062500,0.084091,0.048864,0.055682,0.044318,0.075000,0.070455,0.048864,0.064773,0.050000,0.084091
0.050000,0.050000,0.068182,0.040909,0.065909,0.063636,0.067045,0.057955,0.069318,0.043182,0.073864,0.088636,0.052273,0.076136,0.065909,0.067045
0.060227,0.053409,0.062500,0.040909,0.067045,0.051136,0.088636,0.059091,0.070455,0.047727,0.076136,0.065909,0.052273,0.084091,0.059091,0.061364
0.052273,0.068182,0.076136,0.036364,0.063636,0.057955,0.088636,0.043182,0.076136,0.039773,0.079545,0.065909,0.054545,0.068182,0.061364,0.068182
0.050000,0.063636,0.077273,0.040909,0.063636,0.045455,0.086364,0.047727,0.064773,0.060227,0.095455,0.068182,0.042045,0.072727,0.047727,0.073864
0.057955,0.053409,0.076136,0.037500,0.057955,0.057955,0.096591,0.060227,0.055682,0.042045,0.084091,0.053409,0.055682,0.081818,0.055682,0.073864
0.048864,0.072727,0.065909,0.054545,0.068182,0.067045,0.070455,0.045455,0.071591,0.054545,0.071591,0.068182,0.048864,0.085227,0.039773,0.067045
0.043182,0.072727,0.068182,0.042045,0.056818,0.060227,0.080682,0.057955,0.071591,0.054545,0.070455,0.070455,0.056818,0.075000,0.059091,0.060227
0.069318,0.063636,0.069318,0.027273,0.072727,0.052273,0.096591,0.064773,0.064773,0.042045,0.064773,0.057955,0.045455,0.076136,0.053409,0.079545
0.051136,0.062500,0.078409,0.057955,0.075000,0.057955,0.080682,0.051136,0.062500,0.046591,0.064773,0.077273,0.052273,0.051136,0.063636,0.067045
0.053409,0.068182,0.047727,0.038636,0.063636,0.052273,0.072727,0.056818,0.072727,0.051136,0.088636,0.073864,0.062500,0.070455,0.060227,0.067045
0.050000,0.077273,0.068182,0.039773,0.059091,0.059091,0.062500,0.048864,0.064773,0.045455,0.073864,0.063636,0.063636,0.062500,0.062500,0.098864
0.071591,0.062500,0.067045,0.050000,0.061364,0.036364,0.069318,0.062500,0.051136,0.044318,0.070455,0.094318,0.061364,0.051136,0.054545,0.092045
0.057955,0.054545,0.043182,0.038636,0.070455,0.048864,0.069318,0.057955,0.063636,0.048864,0.085227,0.073864,0.063636,0.075000,0.059091,0.089773
0.062500,0.070455,0.067045,0.037500,0.072727,0.052273,0.067045,0.067045,0.046591,0.052273,0.060227,0.082955,0.053409,0.060227,0.078409,0.069318
0.068182,0.048864,0.060227,0.052273,0.089773,0.059091,0.057955,0.069318,0.063636,0.031818,0.089773,0.088636,0.036364,0.052273,0.048864,0.082955
0.000000,0.000000,0.000000,0.000000,0.000000,0.000000,0.205682,0.000000,0.286364,0.217045,0.000000,0.000000,0.000000,0.290909,0.000000,0.000000
0.000000,0.306818,0.215909,0.000000,0.000000,0.211364,0.265909,0.000000,0.000000,0.000000,0.000000,0.000000,0.000000,0.000000,0.000000,0.000000
0.072727,0.065909,0.059091,0.030682,0.061364,0.054545,0.086364,0.055682,0.063636,0.043182,0.056818,0.082955,0.047727,0.055682,0.055682,0.107955
0.053409,0.070455,0.050000,0.042045,0.073864,0.055682,0.072727,0.036364,0.054545,0.045455,0.077273,0.078409,0.053409,0.062500,0.073864,0.100000
0.081818,0.077273,0.045455,0.045455,0.067045,0.046591,0.065909,0.057955,0.038636,0.045455,0.079545,0.067045,0.045455,0.064773,0.068182,0.103409
0.081818,0.065909,0.050000,0.035227,0.060227,0.051136,0.047727,0.044318,0.077273,0.044318,0.090909,0.087500,0.044318,0.057955,0.080682,0.080682
0.055682,0.065909,0.053409,0.038636,0.073864,0.039773,0.068182,0.044318,0.053409,0.048864,0.076136,0.082955,0.064773,0.078409,0.071591,0.084091
0.062500,0.071591,0.064773,0.036364,0.053409,0.045455,0.067045,0.044318,0.051136,0.040909,0.084091,0.086364,0.060227,0.062500,0.072727,0.096591
0.070455,0.046591,0.062500,0.037500,0.057955,0.051136,0.061364,0.052273,0.051136,0.046591,0.094318,0.092045,0.045455,0.079545,0.059091,0.092045
0.060227,0.057955,0.055682,0.034091,0.068182,0.046591,0.078409,0.044318,0.070455,0.056818,0.087500,0.061364,0.068182,0.086364,0.059091,0.064773
0.064773,0.072727,0.073864,0.037500,0.055682,0.057955,0.087500,0.042045,0.065909,0.043182,0.079545,0.069318,0.042045,0.075000,0.060227,0.072727
0.068182,0.063636,0.080682,0.039773,0.057955,0.054545,0.072727,0.056818,0.062500,0.046591,0.093182,0.061364,0.046591,0.063636,0.060227,0.071591
0.039773,0.061364,0.062500,0.027273,0.069318,0.043182,0.078409,0.052273,0.064773,0.060227,0.096591,0.068182,0.059091,0.067045,0.076136,0.073864
0.061364,0.062500,0.076136,0.035227,0.057955,0.044318,0.087500,0.048864,0.057955,0.051136,0.063636,0.085227,0.051136,0.090909,0.053409,0.072727
0.052273,0.051136,0.089773,0.051136,0.057955,0.053409,0.093182,0.046591,0.057955,0.054545,0.087500,0.062500,0.053409,0.072727,0.045455,0.070455
0.042045,0.072727,0.056818,0.029545,0.053409,0.043182,0.105682,0.064773,0.072727,0.044318,0.078409,0.060227,0.062500,0.085227,0.054545,0.073864
0.056818,0.065909,0.085227,0.030682,0.057955,0.070455,0.086364,0.063636,0.053409,0.056818,0.051136,0.080682,0.052273,0.057955,0.061364,0.069318
0.050000,0.062500,0.060227,0.051136,0.063636,0.050000,0.081818,0.043182,0.079545,0.044318,0.081818,0.076136,0.046591,0.076136,0.054545,0.078409
0.051136,0.077273,0.067045,0.038636,0.047727,0.047727,0.089773,0.044318,0.071591,0.054545,0.072727,0.067045,0.063636,0.088636,0.048864,0.069318
0.046591,0.082955,0.073864,0.031818,0.048864,0.047727,0.100000,0.039773,0.053409,0.051136,0.078409,0.080682,0.059091,0.068182,0.056818,0.080682
0.060227,0.072727,0.087500,0.034091,0.052273,0.047727,0.064773,0.061364,0.052273,0.061364,0.087500,0.072727,0.053409,0.062500,0.044318,0.085227
0.000000,0.000000,0.000000,0.000000,0.000000,0.000000,0.000000,0.000000,0.000000,0.000000,0.000000,0.000000,0.000000,0.000000,0.000000,0.000000
